[[0.0, 0.0, 2.5, 0.5, 0.5, 2.0, 0.5, 1.0],
 [0.0,
  0.0,
  0.5525149567914903,
  2.4889208951916686,
  2.0100819853755816,
  0.45778861068025734,
  1.0103035674717482,
  0.478838909816087],
 [0.0,
  0.0,
  0.816987298107781,
  2.4150635094610964,
  -1.4820508075688772,
  1.4330127018922196,
  -0.6160254037844386,
  0.9330127018922194],
 [0.0,
  0.0,
  -1.879211244850146,
  1.7229524361481265,
  0.608584426275504,
  1.9696763683648428,
  0.0904651235146971,
  1.1143680098726232],
 [0.0,
  0.0,
  -1.6830127018922187,
  1.9150635094610968,
  -1.9820508075688772,
  -0.5669872981077801,
  -1.1160254037844386,
  -0.06698729810778042],
 [0.0,
  0.0,
  -2.4317262016416366,
  -0.7659684590435417,
  -1.4014975591000773,
  1.5118877576845857,
  -0.919838443957051,
  0.6355291000565363],
 [0.0,
  0.0,
  -2.5,
  -0.49999999999999967,
  -0.5000000000000002,
  -2.0,
  -0.5000000000000001,
  -0.9999999999999999],
 [0.0,
  0.0,
  -0.5525149567914907,
  -2.4889208951916686,
  -2.0100819853755816,
  -0.4577886106802571,
  -1.0103035674717482,
  -0.4788389098160869],
 [0.0,
  0.0,
  -0.8169872981077819,
  -2.4150635094610964,
  1.4820508075688767,
  -1.43301270189222,
  0.6160254037844383,
  -0.9330127018922196],
 [0.0,
  0.0,
  1.8792112448501452,
  -1.7229524361481274,
  -0.6085844262755047,
  -1.9696763683648426,
  -0.09046512351469749,
  -1.1143680098726232],
 [0.0,
  0.0,
  1.6830127018922196,
  -1.9150635094610964,
  1.9820508075688772,
  0.5669872981077809,
  1.1160254037844386,
  0.06698729810778081],
 [0.0,
  0.0,
  2.4317262016416366,
  0.7659684590435425,
  1.401497559100078,
  -1.5118877576845853,
  0.9198384439570514,
  -0.635529100056536]]
